01100011
10110110
10110110
10110110
10110110
10110110
10110110
10110110
10110110
10110110
10110110
10110110
10110110
10110110
10110110
10110110
10110110
10110110
10110110
10110110
10110110
10110110
01001000
01001000
01001000
11011000
01001000
11011000
01001000
11101001
01001000
11011000
01001011
01001000
11011000
01110101
01001000
11011000
10100000
01001000
11011000
01110101
01001000
11011000
01110101
01001000
11011000
01110101
01001000
11011000
11000000
01001000
11011000
11000000
01001000
11011000
11000000
01001000
11011000
11010100
01001000
11011000
10011011
01001000
11011000
00011010
01001000
11011000
11110101
01001000
11011000
11100100
01001000
11011000
01101001
01001000
11011000
00001011
01001000
11011000
10000101
01001000
11011000
11101100
01001000
11011000
11111001
10011100
01001000
11011000
11000010
10101001
01001000
11011000
11001001
10101100
01001000
11011000
00100101
00111101
01001000
11011000
01010100
11001010
01001000
11011000
01101000
00110111
01001000
11011000
00010001
01111000
01001000
01011001
01100001
01101111
01001000
00001111
00011110
11010011
01001000
11011000
10000101
11100101
01001000
11011000
10000101
11100101
01001000
11011000
10000101
11100101
01001000
11011000
10000101
11100101
01001000
11011000
10000101
11100101
01001000
11011000
10000101
11100101
01001000
11011000
10000101
11100101
01001000
11011000
10000101
11100101
01001000
11011000
10000101
11100101
10011100
11011000
10000101
11100101
01001000
11011000
10000101
11100101
01001000
11011000
10000101
11100101
01001000
11011000
10001001
10110001
01001000
11011000
10011011
01111100
01001000
11011000
10111110
01101000
01001000
11011000
10011101
00110101
01001000
11011000
10010111
11001110
01001000
11011000
00111000
11101111
01001000
11011000
11000010
10101001
01001000
11011000
10100110
11011110
01001000
11011000
10101101
11010000
01001000
11011000
01101000
00110111
01001000
11011000
11000010
10101001
01001000
11011000
11111000
01001101
01001000
11011000
01100001
01101001
01001000
11011000
11100110
11010000
01001000
11011000
10000101
11100101
01001000
11011000
01000000
01111010
01001000
11011000
01000000
01111010

01001000
11011000
00011110
00111101
01001000
11011000
01001011
11011010
01001000
11011000
01101000
00110111
01001000
11011000
01100001
01101001
01001000
11011000
01010100
11001010
01001000
01001000
11011000
00101001
00011100
01001000
11011000
10101101
11010000
